158
-2 0 4 6 255 255 255
-2 6 4 2 238 0 0
-2 8 4 2 255 255 255
-2 10 4 2 238 0 0
-2 12 4 2 0 0 0
-2 14 4 2 255 255 255
-2 16 4 2 34 34 34
-2 18 4 2 0 0 0 
-2 -2 4 2 238 0 0
-2 -4 4 2 0 0 0
-2 -6 4 2 34 34 34
-2 -8 4 2 255 255 255
-2 -16 4 8 34 34 34
-2 -20 4 4 255 255 255
-2 -22 4 2 0 0 0

-4 -2 2 4 0 0 0
-4 2 2 8 238 0 0
-4 10 2 4 0 0 0
-4 14 2 4 34 34 34
-4 18 2 4 0 0 0
-4 -4 2 2 34 34 34
-4 -8 2 4 255 255 255
-4 -10 2 2 34 34 34
-4 -12 2 2 255 255 255
-4 -14 2 2 34 34 34
-4 -18 2 4 255 255 255
-4 -24 2 6 0 0 0

2 -2 2 4 0 0 0
2 2 2 8 238 0 0
2 10 2 4 0 0 0
2 14 2 4 34 34 34
2 18 2 4 0 0 0
2 -4 2 2 34 34 34
2 -8 2 4 255 255 255
2 -10 2 2 34 34 34
2 -12 2 2 255 255 255
2 -14 2 2 34 34 34
2 -18 2 4 255 255 255
2 -24 2 6 0 0 0

-6 0 2 12 0 0 0
-6 12 2 4 34 34 34
-6 16 2 4 255 255 255
-6 20 2 2 0 0 0
-6 -18 2 18 34 34 34
-6 -22 2 4 238 0 0
-6 -24 2 2 0 0 0

4 0 2 12 0 0 0
4 12 2 4 34 34 34
4 16 2 4 255 255 255
4 20 2 2 0 0 0
4 -18 2 18 34 34 34
4 -22 2 4 238 0 0
4 -24 2 2 0 0 0

-8 2 2 2 255 255 255
-8 4 2 2 0 0 0
-8 6 2 2 34 34 34
-8 8 2 2 0 0 0
-8 10 2 4 34 34 34
-8 14 2 2 255 255 255
-8 16 2 2 238 0 0
-8 18 2 2 34 34 34
-8 20 2 2 0 0 0
-8 -6 2 8 238 0 0
-8 -8 2 2 34 34 34
-8 -22 2 14 238 0 0
-8 -24 2 2 0 0 0

6 2 2 2 255 255 255
6 4 2 2 0 0 0
6 6 2 2 34 34 34
6 8 2 2 0 0 0
6 10 2 4 34 34 34
6 14 2 2 255 255 255
6 16 2 2 238 0 0
6 18 2 2 34 34 34
6 20 2 2 0 0 0
6 -6 2 8 238 0 0
6 -8 2 2 34 34 34
6 -22 2 14 238 0 0
6 -24 2 2 0 0 0

-10 2 2 2 238 0 0
-10 4 2 2 34 34 34
-10 6 2 2 238 0 0
-10 8 2 2 34 34 34
-10 10 2 2 238 0 0
-10 12 2 2 34 34 34
-10 14 2 2 255 255 255
-10 16 2 2 238 0 0
-10 18 2 2 34 34 34
-10 20 2 2 0 0 0
-10 -10 2 12 34 34 34
-10 -16 2 6 238 0 0
-10 -18 2 2 34 34 34
-10 -20 2 2 238 0 0
-10 -22 2 2 0 0 0

8 2 2 2 238 0 0
8 4 2 2 34 34 34
8 6 2 2 238 0 0
8 8 2 2 34 34 34
8 10 2 2 238 0 0
8 12 2 2 34 34 34
8 14 2 2 255 255 255
8 16 2 2 238 0 0
8 18 2 2 34 34 34
8 20 2 2 0 0 0
8 -10 2 12 34 34 34
8 -16 2 6 238 0 0
8 -18 2 2 34 34 34
8 -20 2 2 36 170 238
8 -22 2 2 0 0 0

-12 0 2 4 238 0 0
-12 4 2 2 34 34 34
-12 6 2 2 255 255 255
-12 8 2 2 34 34 34
-12 10 2 2 238 0 0
-12 12 2 4 34 34 34
-12 16 2 4 255 255 255
-12 20 2 2 0 0 0
-12 -6 2 6 0 0 0
-12 -16 2 10 34 34 34
-12 -20 2 4 0 0 0

10 0 2 4 238 0 0
10 4 2 2 34 34 34
10 6 2 2 255 255 255
10 8 2 2 34 34 34
10 10 2 2 238 0 0
10 12 2 4 34 34 34
10 16 2 4 255 255 255
10 20 2 2 0 0 0
10 -6 2 6 0 0 0
10 -16 2 10 34 34 34
10 -20 2 4 0 0 0

-14 0 2 8 0 0 0
-14 8 2 2 34 34 34
-14 10 2 2 255 255 255
-14 12 2 2 238 0 0
-14 14 2 4 34 34 34
-14 18 2 4 0 0 0
-14 -8 2 2 0 0 0
-14 -10 2 2 34 34 34
-14 -12 2 2 238 0 0
-14 -14 2 2 255 255 255
-14 -16 2 2 0 0 0

12 0 2 8 0 0 0
12 8 2 2 34 34 34
12 10 2 2 255 255 255
12 12 2 2 238 0 0
12 14 2 4 34 34 34
12 18 2 4 0 0 0
12 -8 2 2 0 0 0
12 -10 2 2 34 34 34
12 -12 2 2 238 0 0
12 -14 2 2 255 255 255
12 -16 2 2 0 0 0

-16 10 2 6 0 0 0
-16 -14 2 6 0 0 0

14 10 2 6 0 0 0
14 -14 2 6 0 0 0
