52
-16 2 6 12 0 0 0
10 2 6 12 0 0 0
-14 -4 28 6 0 0 0
-8 2 16 6 0 0 0
-12 -10 24 4 0 0 0
-12 -6 24 2 34 34 34
-6 -8 2 10 34 34 34
4 -8 2 10 34 34 34
-4 -8 8 8 255 255 255
-2 -8 4 4 34 34 34
-2 -2 4 2 34 34 34
-4 -4 2 2 34 34 34
2 -4 2 2 34 34 34 
-12 -4 6 10 211 0 211
6 -4 6 10 211 0 211
-8 -2 2 8 255 255 255
6 -2 2 8 255 255 255
-8 2 2 2 34 34 34
6 2 2 2 34 34 34
-10 4 2 2 34 34 34
8 4 2 2 34 34 34
-10 -4 2 2 255 255 255
8 -4 2 2 255 255 255
-4 2 8 4 211 0 211
-2 4 4 4 255 255 255
-4 8 8 2 0 0 0
-2 8 4 2 211 0 211
-2 10 4 2 0 0 0
-12 -12 6 2 0 0 0
6 -12 6 2 0 0 0
-10 -14 2 4 211 0 211
8 -14 2 4 211 0 211
-14 6 2 6 34 34 34
12 6 2 6 34 34 34
-10 -10 2 2 255 255 255
8 -10 2 2 255 255 255
-8 -8 2 2 211 0 211
6 -8 2 2 211 0 211
-14 2 2 2 255 255 255
12 2 2 2 255 255 255
-10 6 2 2 255 255 255
8 6 2 2 255 255 255
-10 8 2 2 0 0 0
8 8 2 2 0 0 0
-16 14 2 2 0 0 0
14 14 2 2 0 0 0
-12 14 2 2 0 0 0
10 14 2 2 0 0 0
-16 16 2 2 167 0 0
14 16 2 2 167 0 0
-12 16 2 2 167 0 0
10 16 2 2 167 0 0
