33
-8 -6 16 12 0 0 0
-6 -8 12 16 0 0 0
-6 -6 12 12 34 34 34
-8 -4 16 8 0 0 0
-4 -8 8 16 0 0 0 
-4 -4 8 4 122 0 0
-4 0 8 4 34 34 34
-2 -2 4 4 255 255 255
-2 2 4 2 122 0 0
-8 -4 2 6 122 0 0
-2 -8 6 2 122 0 0
6 -2 2 6 122 0 0
-4 6 6 2 122 0 0
-10 2 2 2 255 255 255
-12 -10 2 12 255 255 255
-14 -8 2 8 255 255 255
-4 -10 2 2 255 255 255
-2 -12 12 2 255 255 255
0 -14 8 2 255 255 255
8 -4 2 2 255 255 255
10 -2 2 12 255 255 255
12 0 2 8 255 255 255
2 8 2 2 255 255 255
-10 10 12 2 255 255 255
-8 12 8 2 255 255 255 
-10 -4 2 6 139 139 139
-12 -8 2 8 139 139 139
-2 -10 6 2 139 139 1394
0 -12 8 2 139 139 139
8 -2 2 6 139 139 139
10 0 2 8 139 139 139
-4 8 6 2 139 139 139
-8 10 8 2 139 139 139


