122
-22 -22 14 2 0 0 0
-6 -22 14 2 0 0 0
10 -22 14 2 0 0 0
-22 -20 46 2 0 0 0
-24 -16 50 6 0 0 0
-22 -8 46 8 0 0 0
-22 6 46 2 0 0 0
-24 8 20 6 0 0 0
-22 14 18 2 0 0 0
-20 16 14 4 0 0 0
-18 20 10 2 0 0 0
-16 22 6 2 0 0 0
6 8 20 6 0 0 0
6 14 18 2 0 0 0
8 16 14 4 0 0 0
10 20 10 2 0 0 0
12 22 6 2 0 0 0
-22 -18 46 10 34 34 34
-20 -8 42 20 34 34 34
-20 -20 10 4 255 255 255
-4 -20 10 4 255 255 255
12 -20 10 4 255 255 255
-18 -16 6 2 255 255 255
-2 -16 6 2 255 255 255
14 -16 6 2 255 255 255
-18 -20 6 2 34 34 34
-2 -20 6 2 34 34 34
14 -20 6 2 34 34 34
-18 -18 6 2 0 140 4
-2 -18 6 2 0 140 4
14 -18 6 2 0 140 4
-22 -14 2 2 0 140 4
22 -14 2 2 0 140 4
-20 -12 2 2 0 140 4
20 -12 2 2 0 140 4
-22 -12 2 2 255 255 255
22 -12 2 2 255 255 255
-14 -14 8 16 0 0 0
-16 -12 12 12 0 0 0
-18 -10 16 2 0 0 0
-18 -6 16 2 0 0 0
-12 2 4 2 0 0 0
-12 -12 4 14 0 140 4
-14 -10 8 8 0 140 4
-12 -10 4 2 255 255 255
-12 -6 4 6 255 255 255
8 -14 8 16 0 0 0
6 -12 12 12 0 0 0
4 -10 16 2 0 0 0
4 -6 16 2 0 0 0
10 2 4 2 0 0 0
10 -12 4 14 0 140 4
8 -10 8 8 0 140 4
10 -10 4 2 255 255 255
10 -6 4 6 255 255 255
-2 -12 6 2 0 140 4
-2 -8 6 2 0 140 4
-2 -4 6 2 255 255 255
-14 4 8 4 255 255 255
-12 4 4 2 34 34 34
-14 6 2 2 0 0 0
-16 8 6 2 0 0 0
-18 10 10 2 0 0 0
-18 12 4 4 34 34 34
-16 10 4 4 255 255 255
-14 10 2 2 0 140 4
8 4 8 4 255 255 255
10 4 4 2 34 34 34
14 6 2 2 0 0 0
12 8 6 2 0 0 0
10 10 10 2 0 0 0
16 12 4 4 34 34 34
14 10 4 4 255 255 255
14 10 2 2 0 140 4
-20 -4 4 12 0 140 4
18 -4 4 12 0 140 4
-20 0 2 6 0 0 0
20 0 2 6 0 0 0
-20 6 2 2 255 255 255
20 6 2 2 255 255 255
-18 2 2 2 255 255 255
18 2 2 2 255 255 255
-18 -4 2 2 255 255 255
18 -4 2 2 255 255 255
-20 -8 2 2 255 255 255
20 -8 2 2 255 255 255
-16 4 2 2 0 140 4
16 4 2 2 0 140 4
-22 8 4 2 0 140 4
20 8 4 2 0 140 4
-22 10 2 2 255 255 255
22 10 2 2 255 255 255
-22 12 2 2 0 140 4
22 12 2 2 0 140 4 
-20 14 2 2 0 140 4
20 14 2 2 0 140 4
-18 16 2 4 0 140 4
18 16 2 4 0 140 4
-16 20 6 2 0 140 4
12 20 6 2 0 140 4
-16 18 6 2 255 255 255
12 18 6 2 255 255 255
-12 16 2 2 255 255 255
12 16 2 2 255 255 255
-14 16 2 2 34 34 34
14 16 2 2 34 34 34
-12 14 2 2 34 34 34
12 14 2 2 34 34 34
-10 12 2 2 34 34 34
10 12 2 2 34 34 34
-10 14 2 6 0 140 4
10 14 2 6 0 140 4
-8 8 2 8 0 140 4
8 8 2 8 0 140 4
-6 8 2 4 0 0 0
6 8 2 4 0 0 0
-2 -2 6 28 0 0 0
-4 0 10 8 0 0 0
-2 2 6 4 255 255 255
-2 0 6 2 0 140 4
0 2 2 2 0 140 4
0 24 2 2 0 140 4




  
