33
-12 -16 24 32 0 0 0
-16 -12 32 24 0 0 0
-12 -12 24 24 34 34 34
-16 -8 32 16 0 0 0
-8 -16 16 32 0 0 0 
-8 -8 16 8 200 200 0
-8 0 16 8 34 34 34
-4 -4 8 8 255 255 255
-4 4 8 4 200 200 0
-16 -8 4 12 200 200 0
-4 -16 12 4 200 200 0
12 -4 4 12 200 200 0
-8 12 12 4 200 200 0
-20 4 4 4 255 255 255
-24 -20 4 24 255 255 255
-28 -16 4 16 255 255 255
-8 -20 4 4 255 255 255
-4 -24 24 4 255 255 255
0 -28 16 4 255 255 255
16 -8 4 4 255 255 255
20 -4 4 24 255 255 255
24 0 4 16 255 255 255
4 16 4 4 255 255 255
-20 20 24 4 255 255 255
-16 24 16 4 255 255 255 
-20 -8 4 12 139 139 139
-24 -16 4 16 139 139 139
-4 -20 12 4 139 139 139
0 -24 16 4 139 139 139
16 -4 4 12 139 139 139
20 0 4 16 139 139 139
-8 16 12 4 139 139 139
-16 20 16 4 139 139 139


